18753     1425730193    63.81  1.48   -0.54   0.20       64.68   1.64   -0.53   0.22
18754     1425770725    60.95  1.64   -0.47   0.23       67.60   1.81   -0.83   0.26
18758     1425820170    59.87  1.73   -0.36   0.38       68.75   2.17   -0.65   0.44
18761     1425897660    64.75  1.40   -0.51   0.15       65.31   1.67   -0.74   0.16
18763     1425958528    63.84  1.47   -0.35   0.22       61.71   1.68   -0.46   0.26
18764     1425993074    58.44  1.50   -0.40   0.22       58.05   1.70   -0.13   0.25 
18765     1426026208    63.18  1.52   -0.90   0.28       66.77   2.04   -0.14   0.38
18766     1426052143    63.84  1.62   -0.59   0.32       62.73   1.81   -0.40   0.37
18772     1426134424    59.12  1.49   -0.90   0.21       63.40   2.62    0.06   0.39
18776     1426179793    59.59  1.78   -1.01   0.23       65.39   2.08   -0.84   0.27
18777     1426214772    60.57  1.81   -0.90   0.22       63.49   1.98   -0.66   0.25
18778     1426253636    61.76  1.66   -1.17   0.16       61.33   1.96   -0.15   0.22
18779     1426297322    63.29  1.62   -1.01   0.20       58.98   2.12   -0.45   0.26
18780     1426329571    64.21  1.83   -1.26   0.22       61.18   1.75   -0.48   0.23
18786     1426681103    65.25  2.24   -1.03   0.47       65.88   1.97   -0.52   0.32
18787     1426696909    61.17  1.77   -1.00   0.20       61.08   1.97   -0.69   0.24
18788     1426737680    61.98  1.73   -0.92   0.21       60.99   2.33   -0.60   0.27
18789     1426783151    66.91  1.83   -1.34   0.22       57.85   2.03   -0.36   0.25
18790     1426822927    63.77  2.32   -1.03   0.47       60.54   2.61   -0.52   0.32
18792     1426839782    64.72  1.54   -0.94   0.14       63.91   1.63   -0.56   0.15
18793     1426892429    60.42  2.45   -1.29   0.38       60.05   1.96   -0.15   0.27
18794     1426924795    62.79  2.24   -1.03   0.47       62.79   2.36   -0.52   0.32
18795     1426939629    56.95  1.73   -0.42   0.24       60.02   2.40   -0.39   0.28
18796     1426978025    59.89  2.27   -0.29   0.29       60.22   2.58   -0.24   0.37
18797     1427013237    62.73  2.15   -0.98   0.35       58.58   2.86   -0.61   0.47
18798     1427039710    62.49  2.15   -1.03   0.47       62.74   2.26   -0.52   0.32
18800     1427060877    60.41  1.65   -0.98   0.22       61.00   2.08    0.02   0.27
18801     1427094998    57.20  1.64   -0.35   0.23       62.15   1.86   -0.25   0.24
18803     1427139956    55.40  1.73   -0.75   0.21       62.02   1.70   -0.58   0.21
18804     1427176294    61.67  1.65   -0.58   0.21       60.86   2.03   -0.45   0.27
18805     1427212903    55.50  1.69   -1.16   0.22       60.54   1.89   -0.67   0.26
18807     1427252335    59.61  1.75   -0.83   0.21       61.68   2.43   -0.42   0.27
18815     1427349689    58.76  2.77   -1.69   0.68       55.51   2.90   -0.12   0.82
18816     1427367241    58.51  1.82   -0.71   0.23       58.37   2.04   -0.56   0.28
18818     1427403856    65.43  2.39   -2.05   0.60       55.00   2.70   -0.95   0.75
18819     1427419677    57.06  1.54   -0.99   0.21       60.71   1.75   -0.84   0.25
18820     1427452286    55.97  1.66   -0.73   0.20       57.61   1.97   -0.21   0.26
18827     1427510620    60.70  1.70   -0.43   0.22       56.39   2.23   -0.40   0.33
18828     1427543044    54.19  1.91   -0.56   0.23       51.89   2.49    0.07   0.35
18829     1427577689    56.44  1.80   -0.83   0.22       55.22   2.12   -0.58   0.30
18837     1427635562    61.82  2.28   -0.89   0.25       58.45   2.34   -1.07   0.29
18838     1427669934    62.45  1.97   -0.91   0.23       54.61   1.70   -0.38   0.25
18843     1427713741    61.41  1.85   -0.47   0.23       65.95   2.06   -1.00   0.31
18846     1427756777    63.89  1.84   -0.94   0.21       63.27   2.01   -0.70   0.28
18847     1427789734    64.61  1.75   -0.61   0.22       60.31   1.78   -0.30   0.26
18848     1427823628    60.19  2.00   -1.03   0.47       57.98   1.93   -0.52   0.32
18849     1427838276    56.74  2.01   -0.76   0.28       53.65   1.93   -0.79   0.32
18850     1427865632    59.02  2.59   -1.33   0.36       54.48   2.02   -0.09   0.36
18852     1427932414    55.48  2.16   -1.03   0.47       47.98   2.22   -0.52   0.32
18853     1427941536    58.93  2.30   -1.55   0.46       48.89   2.58    0.10   0.57
18854     1427962043    56.24  2.44   -1.48   0.42       61.16   2.08   -1.43   0.45
18855     1427987954    59.07  2.09   -1.19   0.28       54.35   2.68   -0.50   0.46
18856     1428021687    62.20  3.62   -0.92   0.32       56.32   1.94   -0.40   0.32
18857     1428049068    57.07  2.23   -0.26   0.45       59.62   2.14   -0.51   0.45
