18753	16066033	16066035
18754	16066046	16067006
18758	16067013	16067022
18761	16068022	16068042
18763	16068055	16069016
18764	16069024	16069042
18765	16069053	16069067
18766	16070003	16070015
18772	16070039	16071027
18776	16071043	16071062
18777	16071076	16072014
18778	16072021	16072047
18779	16072057	16073021
18780	16073030	16073040
18786	16077021	16077021
18787	16077027	16077047
18788	16077054	16078014
18789	16078028	16078042
18790	16078055	16079001
18792	16079010	16079036
18793	16079045	16080007
18794	16080012	16080015
18795	16080020	16080033
18796	16080043	16081004
18797	16081012	16081025
18798	16081036	16081037
18800	16081048	16082002
18801	16082011	16082029
18803	16082039	16082057
18804	16083004	16083019
18805	16083041	16083060
18807	16084003	16084018
18815	16085004	16085014
18816	16085023	16085037
18818	16085051	16085058
18819	16085061	16086008
18820	16086024	16086042
18827	16086050	16087011
18828	16087019	16087033
18829	16087041	16088001
18837	16088013	16088031
18838	16088040	16089005
18843	16089015	16089031
18846	16089041	16090005
18847	16090015	16090030
18848	16090038	16090039
18849	16090041	16090053
18850	16091003	16091014
18852	16091039	16091042
18853	16091057	16092003
18854	16092014	16092023
18855	16092031	16092055
18856	16092063	16093004
18857	16093010	16093018
